3 37 1.000000 
4 38 1.000000 
5 36 1.000000 
5 37 1.000000 
5 38 1.000000 
6 10 1.000000 
6 38 1.000000 
6 42 1.000000 
7 11 1.000000 
7 38 1.000000 
7 42 1.000000 
8 12 1.000000 
8 13 1.000000 
8 35 1.000000 
8 36 1.000000 
8 37 1.000000 
8 38 1.000000 
8 41 1.000000 
8 42 1.000000 
9 13 1.000000 
10 14 1.000000 
10 42 1.000000 
11 15 1.000000 
11 32 1.000000 
11 37 1.000000 
11 38 1.000000 
11 41 1.000000 
11 42 1.000000 
11 45 1.000000 
12 16 1.000000 
12 17 1.000000 
12 29 1.000000 
12 32 1.000000 
12 33 1.000000 
13 17 1.000000 
13 18 1.000000 
14 18 1.000000 
14 19 1.000000 
14 42 1.000000 
14 45 1.000000 
15 19 1.000000 
15 29 1.000000 
15 32 1.000000 
15 41 1.000000 
15 45 1.000000 
16 20 1.000000 
16 29 1.000000 
16 32 1.000000 
17 21 1.000000 
18 22 1.000000 
18 23 1.000000 
18 24 1.000000 
18 45 1.000000 
18 49 1.000000 
19 23 1.000000 
19 24 1.000000 
19 25 1.000000 
19 26 1.000000 
19 28 1.000000 
19 29 1.000000 
19 45 1.000000 
19 48 1.000000 
19 49 1.000000 
21 49 1.000000 
22 49 1.000000 
24 28 1.000000 
24 45 1.000000 
24 48 1.000000 
24 49 1.000000 
24 51 1.000000 
25 29 1.000000 
25 48 1.000000 
25 51 1.000000 
26 30 1.000000 
27 31 1.000000 
28 32 1.000000 
28 44 1.000000 
28 47 1.000000 
28 48 1.000000 
28 52 1.000000 
29 33 1.000000 
29 48 1.000000 
30 34 1.000000 
31 35 1.000000 
31 44 1.000000 
32 41 1.000000 
32 44 1.000000 
32 45 1.000000 
32 48 1.000000 
35 41 1.000000 
35 44 1.000000 
37 41 1.000000 
38 42 1.000000 
39 43 1.000000 
40 44 1.000000 
40 47 1.000000 
41 45 1.000000 
41 46 1.000000 
42 46 1.000000 
42 47 1.000000 
43 47 1.000000 
44 48 1.000000 
45 49 1.000000 
46 50 1.000000 
47 51 1.000000 
47 52 1.000000 
