0 17 0.920000 
0 18 0.920000 
0 19 0.920000 
0 20 0.920000 
0 21 0.920000 
0 49 0.920000 
1 17 0.920000 
1 18 0.920000 
1 48 0.920000 
1 49 0.920000 
1 50 0.920000 
2 15 0.920000 
2 16 0.920000 
2 17 0.920000 
2 18 0.920000 
2 19 0.920000 
2 21 0.920000 
2 22 0.920000 
2 25 0.920000 
2 29 0.920000 
2 44 0.920000 
2 48 0.920000 
2 49 0.920000 
2 50 0.920000 
2 51 0.920000 
3 14 0.920000 
3 15 0.920000 
3 16 0.920000 
3 29 0.920000 
3 48 0.920000 
3 49 0.920000 
3 50 0.920000 
3 51 0.920000 
4 13 0.920000 
4 14 0.920000 
4 15 0.920000 
4 16 0.920000 
4 29 0.920000 
4 32 0.920000 
4 33 0.920000 
4 42 0.920000 
4 51 0.920000 
4 52 0.920000 
4 53 0.920000 
5 12 0.920000 
5 13 0.920000 
5 14 0.920000 
5 51 0.920000 
5 52 0.920000 
5 53 0.920000 
5 54 0.920000 
6 11 0.920000 
6 12 0.920000 
6 13 0.920000 
6 14 0.920000 
6 15 0.920000 
6 32 0.920000 
6 33 0.920000 
6 36 0.920000 
6 37 0.920000 
6 53 0.920000 
7 11 0.920000 
7 12 0.920000 
7 39 0.920000 
7 40 0.920000 
7 52 0.920000 
7 53 0.920000 
7 54 0.920000 
7 55 0.920000 
8 13 0.920000 
8 36 0.920000 
8 37 0.920000 
8 39 0.920000 
8 55 0.920000 
9 55 0.920000 
13 36 0.920000 
15 28 0.920000 
15 29 0.920000 
15 32 0.920000 
15 33 0.920000 
16 28 0.920000 
16 29 0.920000 
17 24 0.920000 
17 25 0.920000 
17 28 0.920000 
17 29 0.920000 
19 24 0.920000 
19 25 0.920000 
20 24 0.920000 
21 25 0.920000 
22 26 0.920000 
22 27 0.920000 
22 51 0.920000 
23 27 0.920000 
23 28 0.920000 
24 28 0.920000 
25 29 0.920000 
25 51 0.920000 
26 30 0.920000 
26 42 0.920000 
26 51 0.920000 
27 31 0.920000 
28 32 0.920000 
28 33 0.920000 
29 33 0.920000 
29 42 0.920000 
29 49 0.920000 
29 50 0.920000 
29 51 0.920000 
30 34 0.920000 
30 35 0.920000 
30 42 0.920000 
31 35 0.920000 
32 36 0.920000 
32 37 0.920000 
33 37 0.920000 
33 42 0.920000 
33 53 0.920000 
34 38 0.920000 
37 53 0.920000 
37 55 0.920000 
38 55 0.920000 
39 53 0.920000 
39 55 0.920000 
40 53 0.920000 
40 54 0.920000 
40 55 0.920000 
41 52 0.920000 
41 53 0.920000 
41 54 0.920000 
41 55 0.920000 
42 51 0.920000 
42 52 0.920000 
42 53 0.920000 
43 50 0.920000 
43 51 0.920000 
43 52 0.920000 
43 54 0.920000 
44 49 0.920000 
44 50 0.920000 
44 51 0.920000 
45 49 0.920000 
45 50 0.920000 
45 51 0.920000 
45 52 0.920000 
