0 5.101 -13.239 3.530
1 5.670 -10.003 1.614
2 3.059 -7.401 0.674
3 3.074 -4.643 -1.954
4 1.194 -1.365 -2.279
5 0.518 0.669 -5.423
6 0.174 4.388 -4.699
7 -1.397 6.518 -7.431
8 -1.760 10.226 -6.680
9 -2.519 13.297 -8.824
10 1.034 13.356 -10.207
11 3.217 10.564 -8.789
12 3.423 6.787 -8.455
13 5.173 5.187 -5.477
14 5.281 1.565 -4.312
15 5.168 0.534 -0.657
16 6.232 -2.892 0.597
17 6.997 -4.795 3.786
18 7.869 -8.342 4.857
19 5.797 -9.734 7.726
20 4.351 -13.010 9.014
21 0.793 -11.822 8.336
22 -1.363 -9.035 6.895
23 -2.245 -7.071 10.018
24 1.377 -5.956 10.037
25 1.293 -5.170 6.318
26 -1.973 -3.234 6.455
27 -1.168 -1.194 9.566
28 2.334 -0.598 8.189
29 1.051 0.226 4.703
30 -1.564 2.542 6.188
31 1.248 4.425 7.945
32 3.181 4.946 4.703
33 0.085 5.474 2.567
34 -1.540 8.152 4.722
35 1.903 9.647 5.383
36 2.466 9.923 1.626
37 -1.101 10.688 0.542
38 -4.652 11.159 1.822
39 -6.960 10.031 -0.984
40 -7.450 6.978 -3.179
41 -9.346 3.759 -3.842
42 -8.277 1.051 -1.439
43 -8.026 -2.303 -3.217
44 -6.125 -5.586 -2.907
45 -4.873 -8.045 -5.519
46 -5.187 -11.748 -4.710
47 -2.045 -13.661 -5.688
48 1.067 -12.178 -4.098
49 -0.766 -10.228 -1.386
50 -0.936 -6.604 -2.527
51 -3.056 -3.505 -1.929
52 -3.555 -0.314 -3.943
53 -4.889 3.221 -3.504
54 -5.899 5.092 -6.665
55 -6.927 8.747 -6.399
