0 -4.112 18.313 -7.992
1 -7.009 19.249 -5.712
2 -9.225 16.226 -5.063
3 -6.179 14.336 -3.784
4 -3.602 15.195 -1.136
5 -0.547 13.328 0.155
6 -0.254 13.490 3.938
7 2.289 10.722 4.582
8 3.623 7.702 2.703
9 5.709 6.403 5.576
10 2.382 5.764 7.274
11 0.947 4.036 4.212
12 4.042 1.901 3.648
13 4.704 1.138 7.327
14 1.148 -0.193 7.433
15 1.836 -2.311 4.351
16 4.396 -4.348 6.298
17 2.411 -4.437 9.544
18 -0.727 -5.503 7.698
19 1.350 -8.186 6.040
20 2.676 -8.930 9.519
21 -0.834 -9.169 10.977
22 -2.273 -10.943 7.935
23 0.575 -12.830 6.307
24 -0.031 -12.797 2.565
25 1.930 -12.645 -0.673
26 4.684 -10.209 0.292
27 5.323 -9.751 -3.436
28 2.429 -7.304 -3.242
29 3.930 -5.464 -0.266
30 7.006 -5.013 -2.447
31 4.753 -3.424 -5.061
32 3.643 -0.832 -2.501
33 7.253 0.050 -1.661
34 7.219 1.955 -4.958
35 3.747 3.417 -4.358
36 3.783 7.204 -4.737
37 0.164 7.927 -3.829
38 -1.139 7.315 -0.307
39 -4.241 5.656 -1.756
40 -2.239 3.493 -4.139
41 -0.384 2.063 -1.153
42 -3.373 1.536 1.141
43 -5.089 -0.135 -1.810
44 -2.204 -2.500 -2.585
45 -2.112 -3.914 0.960
46 -5.902 -4.108 1.248
47 -6.037 -5.439 -2.310
48 -4.248 -8.543 -1.062
49 -6.521 -8.827 1.972
50 -9.376 -9.464 -0.458
51 -7.230 -11.368 -2.970
52 -9.130 -9.596 -5.754
53 -11.755 -11.459 -7.780
54 -11.018 -12.788 -11.268
55 -8.230 -10.551 -12.565
