0 17
0 18
0 19
0 20
0 21
0 49
1 17
1 18
1 48
1 49
1 50
2 15
2 16
2 17
2 18
2 19
2 21
2 22
2 25
2 29
2 44
2 48
2 49
2 50
2 51
3 14
3 15
3 16
3 29
3 48
3 49
3 50
3 51
4 13
4 14
4 15
4 16
4 29
4 32
4 33
4 42
4 51
4 52
4 53
5 12
5 13
5 14
5 51
5 52
5 53
5 54
6 11
6 12
6 13
6 14
6 15
6 32
6 33
6 36
6 37
6 53
7 11
7 12
7 39
7 40
7 52
7 53
7 54
7 55
8 13
8 36
8 37
8 39
8 55
9 55
13 36
15 28
15 29
15 32
15 33
16 28
16 29
17 24
17 25
17 28
17 29
19 24
19 25
20 24
21 25
22 26
22 27
22 51
23 27
23 28
24 28
25 29
25 51
26 30
26 42
26 51
27 31
28 32
28 33
29 33
29 42
29 49
29 50
29 51
30 34
30 35
30 42
31 35
32 36
32 37
33 37
33 42
33 53
34 38
37 53
37 55
38 55
39 53
39 55
40 53
40 54
40 55
41 52
41 53
41 54
41 55
42 51
42 52
42 53
43 50
43 51
43 52
43 54
44 49
44 50
44 51
45 49
45 50
45 51
45 52
