3 37
4 38
5 36
5 37
5 38
6 10
6 38
6 42
7 11
7 38
7 42
8 12
8 13
8 35
8 36
8 37
8 38
8 41
8 42
9 13
10 14
10 42
11 15
11 32
11 37
11 38
11 41
11 42
11 45
12 16
12 17
12 29
12 32
12 33
13 17
13 18
14 18
14 19
14 42
14 45
15 19
15 29
15 32
15 41
15 45
16 20
16 29
16 32
17 21
18 22
18 23
18 24
18 45
18 49
19 23
19 24
19 25
19 26
19 28
19 29
19 45
19 48
19 49
21 49
22 49
24 28
24 45
24 48
24 49
24 51
25 29
25 48
25 51
26 30
27 31
28 32
28 44
28 47
28 48
28 52
29 33
29 48
30 34
31 35
31 44
32 41
32 44
32 45
32 48
35 41
35 44
37 41
38 42
39 43
40 44
40 47
41 45
41 46
42 46
42 47
43 47
44 48
45 49
46 50
47 51
47 52
